37
80
68
70
45
49
46
52
10
37
195
164
195
188
195
182
195
159
10
50
32
48
32
111
98
106
10
60
60
47
76
101
110
103
116
104
32
51
32
48
32
82
47
70
105
108
116
101
114
47
70
108
97
116
101
68
101
99
111
100
101
62
62
10
115
116
114
101
97
109
10
120
156
45
137
187
10
2
49
20
5
251
251
21
167
182
216
156
155
205
67
33
164
16
87
193
46
24
176
16
59
221
237
148
141
133
191
111
10
25
152
98
134
131
226
43
43
216
9
106
17
119
22
237
41
215
13
94
255
74
180
69
246
85
212
187
193
194
113
236
174
15
152
163
34
16
117
190
37
106
214
68
203
145
142
158
33
171
218
196
152
53
38
110
251
187
215
179
76
85
138
20
172
48
211
233
226
177
124
96
106
115
56
188
81
228
7
45
17
28
184
10
101
110
100
115
116
114
101
97
109
10
101
110
100
111
98
106
10
10
51
32
48
32
111
98
106
10
49
50
48
10
101
110
100
111
98
106
10
10
52
32
48
32
111
98
106
10
60
60
47
84
121
112
101
47
88
79
98
106
101
99
116
10
47
83
117
98
116
121
112
101
47
70
111
114
109
10
47
66
66
111
120
91
32
45
55
57
32
51
57
53
32
54
57
50
32
51
57
53
46
49
32
93
10
47
71
114
111
117
112
60
60
47
83
47
84
114
97
110
115
112
97
114
101
110
99
121
47
67
83
47
68
101
118
105
99
101
82
71
66
47
75
32
116
114
117
101
62
62
10
47
76
101
110
103
116
104
32
56
10
47
70
105
108
116
101
114
47
70
108
97
116
101
68
101
99
111
100
101
10
62
62
10
115
116
114
101
97
109
10
120
156
3
0
0
0
0
1
10
101
110
100
115
116
114
101
97
109
10
101
110
100
111
98
106
10
10
53
32
48
32
111
98
106
10
60
60
47
67
65
32
48
46
53
10
32
32
32
47
99
97
32
48
46
53
10
62
62
10
101
110
100
111
98
106
10
10
55
32
48
32
111
98
106
10
60
60
47
76
101
110
103
116
104
32
56
32
48
32
82
47
70
105
108
116
101
114
47
70
108
97
116
101
68
101
99
111
100
101
47
76
101
110
103
116
104
49
32
56
48
57
54
62
62
10
115
116
114
101
97
109
10
120
156
229
56
107
80
91
215
153
223
57
247
234
1
72
72
128
192
92
43
65
87
185
198
6
75
72
24
25
219
216
96
4
72
2
140
29
100
30
142
192
1
73
6
1
138
109
144
37
225
60
218
20
54
137
227
84
142
215
222
110
234
196
141
219
120
59
217
174
215
235
93
95
108
183
75
118
178
49
157
73
167
155
153
180
118
102
55
179
219
77
157
48
109
118
103
187
53
53
77
155
78
167
142
97
191
115
37
240
163
73
59
211
238
204
254
216
163
171
123
190
247
235
124
231
158
43
37
227
227
17
208
193
36
112
224
30
216
31
142
9
250
28
45
0
188
13
64
242
7
14
38
197
197
70
183
136
240
44
0
45
26
138
13
239
47
115
189
247
51
0
238
215
0
26
213
240
190
199
135
202
203
222
181
3
228
160
74
150
110
36
18
30
180
111
28
175
2
48
233
144
176
97
4
9
237
11
143
107
16
247
32
190
106
100
127
242
177
149
106
237
3
136
143
48
124
223
216
64
248
191
179
55
48
254
243
136
155
246
135
31
139
157
81
63
195
35
120
26
113
113
52
188
63
178
35
242
23
47
32
62
3
160
221
30
27
75
36
7
97
213
34
192
253
204
190
24
139
71
98
31
247
190
136
241
222
143
49
208
36
210
8
126
216
64
62
81
51
156
114
188
74
173
209
194
255
215
161
58
10
133
208
162
170
3
3
196
148
251
93
131
59
7
2
155
23
175
223
125
95
216
190
248
155
255
205
40
50
245
127
9
190
1
151
224
40
252
0
250
50
12
31
248
33
10
227
72
185
115
124
27
222
65
42
27
126
232
133
179
144
250
12
179
231
96
26
249
105
185
16
28
131
147
159
33
231
135
23
225
34
124
247
46
47
126
216
15
159
195
88
190
9
63
32
235
224
45
108
149
49
248
136
104
225
79
224
59
104
245
35
164
237
248
52
83
52
23
111
67
10
56
116
7
245
61
120
153
30
129
109
244
67
68
78
50
14
117
82
35
188
9
167
72
63
90
78
98
158
71
151
51
174
253
45
163
135
225
73
188
119
194
8
28
68
88
25
170
186
79
254
29
178
22
127
129
89
61
9
219
224
41
104
128
125
119
104
188
78
94
225
178
113
253
186
224
21
172
233
183
21
154
115
137
169
105
225
30
161
223
162
244
214
159
35
242
103
48
140
223
48
193
220
233
81
174
1
60
170
60
114
9
192
237
237
9
116
119
117
118
236
244
183
63
184
99
123
219
182
214
150
102
159
215
211
212
216
224
174
223
90
87
187
101
115
205
166
141
27
170
215
85
58
29
21
246
178
53
171
75
87
73
15
88
45
197
166
60
163
33
87
159
147
157
165
213
168
85
60
71
9
216
189
146
47
36
202
171
67
50
191
90
106
105
169
96
184
20
70
66
248
14
66
72
22
145
228
187
91
70
22
67
138
152
120
183
164
27
37
135
238
145
116
167
37
221
203
146
196
40
214
66
109
133
93
244
74
162
252
61
143
36
78
147
222
157
1
132
143
122
164
30
81
158
83
224
29
10
204
175
86
16
61
34
86
43
106
136
222
226
17
143
40
147
144
232
149
125
7
71
82
222
144
7
237
77
229
100
55
73
77
145
236
10
59
76
101
231
32
152
131
144
92
38
197
166
72
217
86
162
0
180
204
187
121
138
130
86
207
220
202
92
169
55
60
40
251
119
6
188
30
179
213
218
83
97
111
149
115
37
143
194
130
38
197
164
172
110
146
53
138
73
49
202
66
135
35
226
148
125
38
245
252
180
17
246
132
108
186
65
105
48
252
112
64
230
194
168
155
226
188
169
212
97
57
207
38
151
75
30
185
252
137
15
139
49
243
136
108
151
60
94
217
198
172
182
117
44
251
105
187
237
146
200
170
82
163
36
166
62
6
76
71
154
187
126
55
37
156
161
168
75
141
31
3
3
125
88
222
84
202
39
137
190
84
40
21
158
94
156
220
35
137
70
41
53
165
211
165
98
94
172
48
248
3
168
53
189
248
15
71
204
178
239
249
30
217
24
26
33
155
51
201
250
58
218
228
130
157
187
3
50
45
245
137
35
97
164
224
85
47
89
55
153
173
121
61
75
50
254
207
98
3
22
2
203
129
53
181
90
89
226
71
166
221
176
7
17
121
114
103
32
141
139
176
199
124
1
220
78
91
143
76
67
140
51
179
196
41
236
102
156
201
37
206
178
122
72
194
213
108
235
12
164
100
190
180
117
80
242
98
141
143
132
229
201
61
216
79
143
176
165
144
140
114
238
175
204
86
41
149
159
39
214
56
123
20
89
17
163
106
29
140
138
178
106
53
150
5
181
238
84
192
78
97
42
41
163
130
228
254
42
61
205
153
209
193
234
188
124
177
70
66
51
204
142
87
242
134
50
215
193
145
98
52
32
86
216
229
22
91
122
233
187
2
178
219
131
128
59
156
89
35
239
84
165
19
53
194
33
92
162
168
71
89
62
217
41
197
100
147
212
184
188
158
44
44
111
180
51
160
168
100
212
100
83
147
12
161
129
140
150
236
244
122
152
103
209
155
10
121
210
33
48
91
210
206
192
107
224
90
156
157
90
47
154
47
186
96
61
244
120
152
112
81
19
246
213
106
111
42
48
56
36
91
66
230
65
220
105
67
98
192
108
149
221
61
184
192
61
82
32
210
195
26
13
43
84
62
139
238
172
138
71
153
54
117
5
218
58
165
182
157
189
129
77
153
64
210
12
102
142
47
245
222
99
70
10
152
211
102
176
229
100
109
169
86
12
80
51
215
131
130
70
36
136
62
4
164
198
90
188
203
154
82
45
126
141
88
112
133
202
90
181
177
86
12
16
51
44
73
99
24
114
185
232
141
120
50
114
12
191
203
168
138
181
83
83
203
146
53
53
67
209
78
83
139
217
218
99
77
143
10
59
69
182
152
113
140
26
90
86
212
150
37
22
87
138
79
2
164
81
52
163
144
88
45
139
89
207
139
1
41
34
245
72
35
162
236
246
7
88
110
172
60
74
149
51
197
80
106
158
89
171
174
187
176
59
138
133
101
2
43
178
151
16
86
76
217
103
51
223
89
92
185
89
193
151
209
150
123
216
173
75
108
49
165
149
218
58
83
204
184
148
49
8
24
121
171
12
172
133
221
155
242
204
202
238
103
251
89
242
133
113
19
227
142
86
246
115
106
202
237
102
123
121
132
109
219
148
212
58
152
146
58
3
181
138
52
62
65
158
52
63
193
124
229
67
27
105
235
106
172
176
227
195
172
113
74
34
207
237
156
114
147
231
58
123
3
175
25
241
149
234
185
174
192
5
74
104
83
168
177
103
106
21
242
2
175
137
120
86
40
84
202
168
140
200
16
145
33
204
82
7
34
90
69
222
252
154
27
96
82
225
242
10
65
193
7
166
9
40
52
237
18
141
192
192
52
77
211
140
75
52
138
52
62
77
115
43
52
54
112
149
138
71
176
198
248
252
246
138
131
108
125
62
223
51
146
10
245
176
30
135
34
172
8
94
68
38
210
86
172
142
180
117
138
80
181
78
206
150
34
141
114
142
212
200
232
245
140
94
159
166
171
25
93
131
157
65
138
72
133
253
137
148
209
43
125
92
92
161
28
221
128
239
166
116
80
213
141
111
192
26
112
76
17
112
214
94
208
240
218
185
170
41
181
234
135
181
23
56
138
32
76
113
140
172
98
228
11
26
117
214
39
181
23
8
163
187
242
172
121
165
214
60
171
135
138
11
171
200
75
11
35
170
238
223
252
141
135
255
30
176
55
209
47
46
94
231
126
169
218
14
91
224
63
220
95
55
89
86
89
214
91
184
156
2
98
35
91
8
93
73
72
246
250
149
235
233
51
78
242
172
131
20
58
170
29
180
97
45
225
139
77
197
84
91
94
64
178
243
73
78
78
46
209
169
179
139
178
169
161
196
82
66
141
37
37
186
222
117
117
80
71
54
205
214
205
215
81
168
187
90
71
43
235
220
56
113
101
189
133
232
176
176
178
208
93
232
47
228
181
133
67
101
164
171
140
60
109
39
7
237
164
203
62
104
167
165
118
82
100
39
95
52
146
109
198
39
140
84
103
180
151
241
43
53
193
13
132
108
40
144
130
43
193
66
44
150
149
60
212
187
156
125
198
57
188
27
231
242
87
212
244
45
13
226
236
239
99
180
190
3
241
254
62
227
251
115
46
196
215
85
66
95
63
126
216
165
200
176
91
129
107
69
9
231
170
218
74
171
215
59
212
213
235
183
82
87
85
209
138
60
105
141
131
72
15
228
210
66
83
137
186
208
148
75
165
7
28
116
205
145
6
169
192
211
249
176
125
123
172
117
85
221
192
23
14
125
97
160
174
54
249
215
251
6
46
180
53
72
246
73
255
182
189
190
7
234
6
38
14
77
12
212
213
36
254
118
124
235
99
143
244
90
73
244
155
197
54
107
65
121
203
158
205
45
253
13
21
142
77
187
38
250
30
156
232
169
92
153
183
240
147
87
197
181
226
198
54
91
195
174
58
187
115
203
238
167
67
125
39
246
214
232
76
43
245
160
172
195
54
92
223
61
248
238
155
3
111
184
55
66
175
73
181
74
245
130
234
85
21
207
171
158
65
128
211
171
98
250
73
253
113
61
231
209
119
233
7
245
156
81
47
234
41
175
39
179
250
121
61
189
164
127
83
255
47
122
78
63
189
56
115
113
135
191
133
205
238
135
60
173
45
33
61
83
82
84
104
165
158
240
122
147
126
149
158
219
194
235
215
235
61
104
36
169
127
70
81
252
80
159
117
85
63
171
167
148
25
173
212
251
245
33
253
105
189
172
159
209
107
39
149
233
170
158
207
81
7
181
28
168
130
92
62
212
207
85
225
69
250
14
4
89
169
113
216
108
7
14
196
113
96
197
15
204
173
171
44
93
81
104
173
222
152
183
166
218
90
168
33
223
58
119
235
191
206
157
163
197
231
252
230
234
106
51
255
181
149
213
213
43
211
249
110
193
183
199
151
48
223
2
56
237
118
22
107
2
26
186
81
67
242
73
135
70
171
233
45
200
55
21
228
107
10
30
6
181
81
77
117
234
66
40
36
245
238
66
34
22
146
211
133
179
133
52
127
122
241
159
220
53
90
99
75
190
54
235
97
127
46
201
85
105
11
181
20
195
211
114
134
96
62
205
227
178
114
131
239
22
144
167
11
8
13
21
196
10
232
206
2
210
84
64
74
11
170
11
104
129
70
135
25
184
92
44
238
96
95
31
166
226
114
205
173
168
10
98
255
32
82
101
203
180
79
127
223
173
170
195
182
195
182
55
177
101
214
85
18
37
151
60
137
228
45
167
70
248
167
47
145
183
206
133
63
249
206
165
133
141
231
206
145
19
244
2
255
51
150
220
205
124
254
91
55
191
178
148
236
39
22
101
239
110
89
252
68
53
142
185
26
97
53
60
230
238
26
23
200
120
1
201
201
53
231
238
205
229
250
184
253
28
173
225
90
57
154
195
153
57
154
101
166
36
11
47
32
185
176
27
138
200
138
162
50
40
195
236
203
136
88
70
98
101
167
203
102
203
56
77
175
95
154
149
168
180
42
168
14
173
230
164
160
46
100
102
203
50
135
23
75
99
57
135
57
182
5
110
119
255
122
7
181
145
188
116
243
147
42
190
132
96
163
19
158
117
186
141
40
89
241
175
118
156
252
183
67
151
74
124
219
218
86
77
124
51
185
241
214
175
255
138
232
223
24
238
58
187
112
235
124
205
225
167
198
215
156
195
165
60
243
194
191
62
239
185
249
57
74
57
210
246
229
247
185
114
223
215
62
249
251
87
23
254
174
151
80
146
206
25
243
53
225
218
78
171
90
240
119
92
62
252
196
221
162
206
35
121
185
6
163
33
43
159
228
235
117
106
210
161
51
234
122
53
106
147
6
223
207
73
7
50
66
188
202
132
141
110
54
226
43
179
46
175
197
104
228
95
209
16
183
198
175
161
46
13
225
52
38
147
137
124
104
34
38
214
222
149
129
22
54
187
13
54
71
203
85
19
46
176
233
170
105
222
196
41
60
113
149
194
187
184
178
36
45
179
218
88
208
18
52
145
13
60
118
126
110
40
223
128
97
228
145
28
99
155
145
106
141
248
203
64
167
225
13
193
108
194
250
1
151
158
117
66
127
95
126
141
179
15
49
44
35
182
181
173
47
120
0
155
59
110
124
27
91
165
47
175
166
206
105
59
112
184
216
200
250
34
51
25
103
102
72
159
241
48
187
99
227
179
230
32
46
162
52
9
103
229
8
103
37
223
91
104
126
137
188
245
6
121
239
236
173
183
46
29
186
53
127
152
28
249
79
242
207
213
172
61
126
125
83
203
218
132
60
189
240
36
63
114
107
156
237
137
82
0
254
219
216
39
43
200
207
221
139
42
125
161
190
84
207
101
107
87
106
105
150
65
32
11
6
161
93
8
10
19
194
49
225
178
240
129
176
40
104
231
5
114
76
120
69
184
34
112
49
129
24
4
11
242
185
43
200
186
33
112
178
64
94
17
200
164
64
44
130
19
149
56
16
200
247
199
132
243
168
121
67
224
253
76
218
41
212
11
220
162
64
174
10
228
178
64
78
11
164
30
213
39
4
78
20
200
4
26
189
140
102
23
5
85
72
32
237
2
169
100
10
228
171
55
20
105
167
48
134
114
231
5
222
200
52
175
160
193
69
129
63
46
156
22
232
132
64
66
76
178
94
160
179
204
222
82
176
42
81
209
223
139
241
94
81
92
29
19
200
237
136
211
84
12
56
136
134
89
62
124
165
224
22
168
251
176
69
32
24
246
7
44
13
89
160
65
134
85
10
116
11
198
60
187
164
194
10
114
76
224
42
25
50
43
204
11
92
218
178
34
43
162
52
51
142
6
102
148
106
196
132
73
129
90
210
137
163
97
191
110
82
39
235
102
116
188
142
6
179
142
101
93
206
186
146
197
103
21
246
82
61
100
145
172
44
19
23
202
230
10
105
16
150
30
120
120
236
184
136
243
214
219
125
198
183
151
206
156
3
108
196
149
209
191
140
255
54
101
25
235
91
230
247
223
54
16
103
155
20
113
246
96
145
30
80
27
136
132
167
53
30
71
156
141
61
110
200
150
119
93
79
95
40
53
55
241
167
60
230
252
230
254
177
205
235
222
197
222
121
81
167
125
135
108
89
248
206
59
188
90
197
221
220
107
174
78
191
35
116
45
94
87
37
240
44
47
128
53
176
207
189
163
167
52
90
74
119
89
135
172
84
109
222
101
30
50
115
89
43
122
86
68
87
112
217
26
146
173
39
42
142
224
143
236
156
236
221
80
66
86
148
148
67
57
169
23
203
221
229
20
118
87
154
220
38
106
48
89
76
78
220
88
170
160
84
96
8
10
120
240
226
243
133
237
139
185
3
153
167
139
18
118
230
217
98
42
161
153
51
149
178
99
84
179
62
127
43
113
85
149
144
252
66
19
205
197
147
213
129
143
135
210
181
67
231
158
122
234
220
240
218
181
195
108
30
90
251
206
67
223
248
229
215
78
254
226
108
111
239
217
95
156
60
249
209
217
94
122
250
249
31
157
126
232
161
211
63
122
254
200
236
87
187
186
190
58
123
4
95
96
206
248
253
103
22
22
46
92
88
184
121
182
179
243
44
81
41
255
157
145
188
159
194
179
189
239
5
13
181
31
131
37
253
191
205
247
83
215
200
237
191
30
176
18
211
248
182
196
254
212
161
25
18
114
53
214
5
47
60
180
44
116
135
188
50
178
232
117
240
240
9
248
34
61
11
219
84
223
133
45
76
149
205
248
53
241
63
134
82
156
187
144
100
135
121
50
66
222
39
239
211
93
244
35
62
159
127
86
177
148
5
181
25
95
20
159
244
78
246
159
15
158
155
53
248
198
198
168
247
145
93
203
254
66
203
190
9
74
134
50
48
197
55
187
88
6
230
192
12
143
102
96
30
101
190
148
129
85
144
11
95
207
192
106
124
190
202
25
88
3
79
192
229
12
172
5
19
169
201
192
89
144
75
118
100
224
28
140
97
247
242
63
143
14
178
100
95
15
99
228
47
51
112
46
108
165
38
244
78
248
44
196
102
104
71
6
38
32
226
209
159
134
41
228
114
85
25
152
131
13
156
59
3
243
40
115
48
3
171
224
62
238
68
6
86
67
9
119
33
3
107
224
151
220
213
12
172
133
50
254
205
12
156
5
247
241
215
51
112
14
108
82
105
51
176
14
30
86
45
217
215
195
251
170
83
25
56
23
62
175
126
162
105
44
246
120
60
58
60
146
20
203
6
202
197
170
202
202
141
98
71
100
80
108
9
39
237
98
235
232
128
67
108
216
183
79
84
4
18
98
60
146
136
196
15
70
6
29
226
246
214
70
111
71
67
87
107
251
131
98
52
33
134
197
100
60
60
24
217
31
142
239
21
199
134
238
214
223
30
221
19
137
135
147
209
177
81
177
51
18
143
14
117
68
134
199
247
133
227
13
137
129
200
232
96
36
46
86
136
247
74
220
139
239
138
196
19
12
89
231
168
220
232
112
221
230
222
43
252
123
2
193
232
135
163
137
100
36
142
196
232
168
216
237
232
116
136
254
112
50
50
154
20
195
163
131
98
215
178
98
251
208
80
116
32
162
16
7
34
241
100
24
133
199
146
35
24
234
35
227
241
104
98
48
58
192
188
37
28
203
25
52
141
197
99
99
153
144
146
145
131
17
113
71
56
153
140
36
198
70
71
146
201
216
102
167
243
209
71
31
117
132
51
194
3
40
235
24
24
219
239
252
93
188
228
227
177
200
96
36
17
29
30
197
204
29
35
201
253
251
182
99
64
163
9
12
124
92
241
136
209
220
89
53
223
216
40
46
206
190
180
140
93
76
68
34
34
51
159
64
251
67
145
65
12
45
22
31
123
36
50
144
116
140
197
135
157
143
70
247
70
157
105
123
209
209
97
231
109
51
204
74
198
207
31
167
13
77
48
134
123
240
113
136
67
20
134
97
4
146
32
66
25
12
64
57
206
85
80
137
159
141
8
117
64
4
6
113
110
129
48
74
216
17
106
133
81
148
114
32
196
254
1
221
135
243
109
11
9
5
139
224
28
193
249
160
162
203
36
183
163
86
35
120
209
90
3
62
85
90
161
29
30
68
106
84
145
15
227
55
137
210
97
148
141
192
126
156
227
176
23
105
99
48
244
59
253
111
71
253
61
138
31
198
137
162
252
40
114
59
21
74
20
117
153
230
48
140
99
132
204
98
3
250
26
64
202
168
226
37
142
146
21
74
92
191
219
198
239
227
239
82
160
196
50
103
29
198
197
234
230
0
215
167
234
254
62
203
127
92
69
210
181
31
86
172
36
21
219
105
201
168
98
187
27
37
58
21
41
191
162
201
106
145
84
188
141
42
82
93
159
226
177
29
61
14
161
62
171
220
109
201
1
197
118
18
241
180
229
49
132
71
50
85
125
4
43
30
87
34
24
84
244
150
114
75
160
231
223
94
3
214
131
113
236
194
177
123
170
196
162
59
168
248
220
161
208
147
74
79
49
222
136
130
197
96
51
158
58
78
60
55
216
199
129
50
119
91
30
200
216
117
40
208
126
148
252
67
245
146
184
67
98
74
29
35
202
58
15
163
108
122
205
29
138
205
253
216
95
219
51
21
26
85
250
158
85
104
252
142
28
211
181
249
172
94
243
41
115
122
231
236
187
203
14
91
89
54
51
221
165
232
19
153
248
135
20
63
233
170
197
240
62
134
117
143
40
213
118
40
212
97
37
199
40
174
97
20
161
59
227
99
43
54
156
161
221
27
205
82
44
119
231
243
127
233
155
203
188
225
88
209
227
167
140
169
172
208
27
68
131
39
118
189
114
191
76
120
119
15
153
189
69
174
220
34
226
45
50
113
147
248
111
146
201
143
142
127
68
127
62
95
110
57
63
127
121
158
182
223
8
222
56
127
131
171
188
65
12
55
136
22
230
140
115
254
185
208
92
108
238
244
156
58
219
112
157
232
224
167
36
239
199
179
155
44
31
184
174
117
191
239
250
97
55
92
35
181
254
107
147
215
228
107
28
251
153
213
123
77
155
227
187
70
184
238
31
114
69
22
227
140
56
83
57
19
155
153
156
185
58
51
59
51
63
163
157
124
227
248
27
244
31
95
119
90
12
175
91
94
167
150
139
237
23
39
46
114
161
51
196
112
198
114
134
250
95
14
189
76
143
159
34
134
83
150
83
206
83
220
87
78
58
44
39
155
75
44
47
158
88
99
153
61
49
127
130
50
243
213
39
244
121
190
224
151
201
196
151
142
125
137
198
158
157
124
246
248
179
220
228
161
227
135
232
249
131
151
15
210
132
191
220
50
54
106
179
140
54
175
181
8
174
226
110
141
139
235
86
115
139
22
166
233
217
83
90
230
11
5
221
150
32
10
237
238
173
180
244
54
151
91
10
92
249
221
42
12
150
71
65
3
103
225
234
185
118
110
140
59
198
93
230
52
218
14
127
137
101
39
126
103
253
243
126
106
104
183
180
59
219
49
195
89
119
184
205
138
134
182
197
182
77
110
227
90
125
229
150
150
230
77
22
67
179
165
217
217
124
165
249
131
230
27
205
234
96
51
121
5
47
223
121
223
101
31
231
246
149
59
125
110
95
137
213
119
95
139
185
187
200
85
216
109
116
25
186
41
129
110
226
130
110
167
97
209
64
13
134
160
97
194
192
25
160
30
232
100
17
81
145
105
114
124
170
171
211
102
107
155
214
44
118
180
201
90
255
110
153
60
39
151
118
178
187
123
103
175
172
126
78
134
238
222
221
129
41
66
254
180
231
208
209
163
208
120
127
155
92
213
25
144
67
247
247
180
201
131
8
184
25
48
137
128
241
254
169
34
104
236
73
36
146
54
54
136
205
134
224
56
222
193
54
142
164
254
68
154
8
182
37
54
216
18
36
145
128
68
130
216
24
79
1
145
2
9
27
35
51
10
211
33
168
217
159
0
118
99
92
155
34
197
160
68
162
184
255
127
0
177
243
95
240
10
101
110
100
115
116
114
101
97
109
10
101
110
100
111
98
106
10
10
56
32
48
32
111
98
106
10
52
57
50
48
10
101
110
100
111
98
106
10
10
57
32
48
32
111
98
106
10
60
60
47
84
121
112
101
47
70
111
110
116
68
101
115
99
114
105
112
116
111
114
47
70
111
110
116
78
97
109
101
47
66
65
65
65
65
65
43
76
105
98
101
114
97
116
105
111
110
83
101
114
105
102
10
47
70
108
97
103
115
32
52
10
47
70
111
110
116
66
66
111
120
91
45
49
55
54
32
45
51
48
51
32
49
48
48
53
32
57
56
49
93
47
73
116
97
108
105
99
65
110
103
108
101
32
48
10
47
65
115
99
101
110
116
32
56
57
49
10
47
68
101
115
99
101
110
116
32
45
50
49
54
10
47
67
97
112
72
101
105
103
104
116
32
57
56
49
10
47
83
116
101
109
86
32
56
48
10
47
70
111
110
116
70
105
108
101
50
32
55
32
48
32
82
10
62
62
10
101
110
100
111
98
106
10
10
49
48
32
48
32
111
98
106
10
60
60
47
76
101
110
103
116
104
32
50
53
56
47
70
105
108
116
101
114
47
70
108
97
116
101
68
101
99
111
100
101
62
62
10
115
116
114
101
97
109
10
120
156
93
144
201
110
195
32
16
134
239
60
5
199
228
16
129
29
167
77
37
203
82
149
54
146
15
93
84
55
15
128
97
236
32
213
128
48
62
248
237
59
64
218
74
61
128
190
89
254
217
216
169
125
106
141
14
236
221
91
217
65
160
131
54
202
195
108
23
47
129
246
48
106
67
138
146
42
45
195
205
74
191
156
132
35
12
181
221
58
7
152
90
51
216
186
38
236
3
99
115
240
43
221
60
42
219
195
150
176
55
175
192
107
51
210
205
229
212
161
221
45
206
125
193
4
38
80
78
154
134
42
24
176
206
139
112
175
98
2
150
84
187
86
97
88
135
117
135
146
191
132
207
213
1
45
147
93
228
81
164
85
48
59
33
193
11
51
2
169
57
111
104
125
62
55
4
140
250
23
59
102
69
63
200
171
240
152
89
96
38
231
135
125
131
92
38
174
30
34
239
51
63
71
174
18
151
60
242
33
251
171
200
119
153
139
200
247
185
78
242
31
179
63
247
191
117
138
147
196
83
253
108
72
229
226
61
110
151
238
153
214
138
11
105
3
191
39
119
214
69
85
122
223
58
62
125
175
10
101
110
100
115
116
114
101
97
109
10
101
110
100
111
98
106
10
10
49
49
32
48
32
111
98
106
10
60
60
47
84
121
112
101
47
70
111
110
116
47
83
117
98
116
121
112
101
47
84
114
117
101
84
121
112
101
47
66
97
115
101
70
111
110
116
47
66
65
65
65
65
65
43
76
105
98
101
114
97
116
105
111
110
83
101
114
105
102
10
47
70
105
114
115
116
67
104
97
114
32
48
10
47
76
97
115
116
67
104
97
114
32
56
10
47
87
105
100
116
104
115
91
51
54
53
32
53
53
54
32
51
51
51
32
55
50
50
32
50
53
48
32
55
50
50
32
55
50
50
32
54
49
48
32
55
50
50
32
93
10
47
70
111
110
116
68
101
115
99
114
105
112
116
111
114
32
57
32
48
32
82
10
47
84
111
85
110
105
99
111
100
101
32
49
48
32
48
32
82
10
62
62
10
101
110
100
111
98
106
10
10
49
50
32
48
32
111
98
106
10
60
60
47
70
49
32
49
49
32
48
32
82
10
62
62
10
101
110
100
111
98
106
10
10
49
51
32
48
32
111
98
106
10
60
60
47
70
111
110
116
32
49
50
32
48
32
82
10
47
88
79
98
106
101
99
116
60
60
47
84
114
52
32
52
32
48
32
82
62
62
10
47
69
120
116
71
83
116
97
116
101
60
60
47
69
71
83
53
32
53
32
48
32
82
62
62
10
47
80
114
111
99
83
101
116
91
47
80
68
70
47
84
101
120
116
47
73
109
97
103
101
67
47
73
109
97
103
101
73
47
73
109
97
103
101
66
93
10
62
62
10
101
110
100
111
98
106
10
10
49
32
48
32
111
98
106
10
60
60
47
84
121
112
101
47
80
97
103
101
47
80
97
114
101
110
116
32
54
32
48
32
82
47
82
101
115
111
117
114
99
101
115
32
49
51
32
48
32
82
47
77
101
100
105
97
66
111
120
91
48
32
48
32
54
49
50
32
55
57
50
93
47
71
114
111
117
112
60
60
47
83
47
84
114
97
110
115
112
97
114
101
110
99
121
47
67
83
47
68
101
118
105
99
101
82
71
66
47
73
32
116
114
117
101
62
62
47
67
111
110
116
101
110
116
115
32
50
32
48
32
82
62
62
10
101
110
100
111
98
106
10
10
54
32
48
32
111
98
106
10
60
60
47
84
121
112
101
47
80
97
103
101
115
10
47
82
101
115
111
117
114
99
101
115
32
49
51
32
48
32
82
10
47
77
101
100
105
97
66
111
120
91
32
48
32
48
32
54
49
50
32
55
57
50
32
93
10
47
75
105
100
115
91
32
49
32
48
32
82
32
93
10
47
67
111
117
110
116
32
49
62
62
10
101
110
100
111
98
106
10
10
49
52
32
48
32
111
98
106
10
60
60
47
84
121
112
101
47
67
97
116
97
108
111
103
47
80
97
103
101
115
32
54
32
48
32
82
10
47
79
112
101
110
65
99
116
105
111
110
91
49
32
48
32
82
32
47
88
89
90
32
110
117
108
108
32
110
117
108
108
32
48
93
10
47
76
97
110
103
40
101
115
45
67
79
41
10
62
62
10
101
110
100
111
98
106
10
10
49
53
32
48
32
111
98
106
10
60
60
47
67
114
101
97
116
111
114
60
70
69
70
70
48
48
53
55
48
48
55
50
48
48
54
57
48
48
55
52
48
48
54
53
48
48
55
50
62
10
47
80
114
111
100
117
99
101
114
60
70
69
70
70
48
48
52
67
48
48
54
57
48
48
54
50
48
48
55
50
48
48
54
53
48
48
52
70
48
48
54
54
48
48
54
54
48
48
54
57
48
48
54
51
48
48
54
53
48
48
50
48
48
48
51
52
48
48
50
69
48
48
51
50
62
10
47
67
114
101
97
116
105
111
110
68
97
116
101
40
68
58
50
48
49
54
48
55
48
54
48
56
51
48
51
48
45
48
53
39
48
48
39
41
62
62
10
101
110
100
111
98
106
10
10
120
114
101
102
10
48
32
49
54
10
48
48
48
48
48
48
48
48
48
48
32
54
53
53
51
53
32
102
32
10
48
48
48
48
48
48
54
51
52
55
32
48
48
48
48
48
32
110
32
10
48
48
48
48
48
48
48
48
49
57
32
48
48
48
48
48
32
110
32
10
48
48
48
48
48
48
48
50
49
48
32
48
48
48
48
48
32
110
32
10
48
48
48
48
48
48
48
50
51
48
32
48
48
48
48
48
32
110
32
10
48
48
48
48
48
48
48
52
48
56
32
48
48
48
48
48
32
110
32
10
48
48
48
48
48
48
54
52
57
48
32
48
48
48
48
48
32
110
32
10
48
48
48
48
48
48
48
52
52
56
32
48
48
48
48
48
32
110
32
10
48
48
48
48
48
48
53
52
53
50
32
48
48
48
48
48
32
110
32
10
48
48
48
48
48
48
53
52
55
51
32
48
48
48
48
48
32
110
32
10
48
48
48
48
48
48
53
54
54
56
32
48
48
48
48
48
32
110
32
10
48
48
48
48
48
48
53
57
57
54
32
48
48
48
48
48
32
110
32
10
48
48
48
48
48
48
54
49
56
57
32
48
48
48
48
48
32
110
32
10
48
48
48
48
48
48
54
50
50
50
32
48
48
48
48
48
32
110
32
10
48
48
48
48
48
48
54
53
56
57
32
48
48
48
48
48
32
110
32
10
48
48
48
48
48
48
54
54
56
54
32
48
48
48
48
48
32
110
32
10
116
114
97
105
108
101
114
10
60
60
47
83
105
122
101
32
49
54
47
82
111
111
116
32
49
52
32
48
32
82
10
47
73
110
102
111
32
49
53
32
48
32
82
10
47
73
68
32
91
32
60
54
53
67
54
67
51
50
50
66
52
67
57
65
69
49
53
53
54
48
53
70
67
67
66
57
50
68
54
53
54
54
67
62
10
60
54
53
67
54
67
51
50
50
66
52
67
57
65
69
49
53
53
54
48
53
70
67
67
66
57
50
68
54
53
54
54
67
62
32
93
10
47
68
111
99
67
104
101
99
107
115
117
109
32
47
49
54
70
56
56
48
55
52
70
55
55
68
51
68
69
50
51
57
70
67
57
66
67
65
48
65
56
66
54
65
50
69
10
62
62
10
115
116
97
114
116
120
114
101
102
10
54
56
54
49
10
37
37
69
79
70
10
